798 
1110 
1117 
1120 
1176 
1177 
1183 
1702 
3216 
3304 
3312 
3696 
3720 
4017 
4019 
4030 
4405 
4491 
5039 
5341 
5355 
5748 
6822 
7225 
7263 
9616 
13452 
20522 
20570 
21102 
24466 
31194 
31196 
31349 
31350 
31351 
31352 
33010 
33011 
34369 
34800 
34801 
34862 
34991 
35254 
36032 
36711 
37402 
37523 
37858 
37862 
37863 
37981 
38039 
38045 
38060 
38500 
38579 
38683 
38886 
38894 
39666 
40470 
41443 
41444 
41445 
41505 